LE 11 4 7 2 LI 5.7 8.3 3.14 7.77 1.9 4.1 7.25 3.11
LE 3 9 -6 LI 4.1 7.8 1.88 9.09 5.1 -6.7 3.21 2.88
LE 7 6 2 8 LI 6.3 7.07 5.75 2.55 1.3 8.1 3.45 4.55
LE 5 6 1 7 LI 6.1 2.33 5.9 7.3 6.8 9.4 1.22 3.55
LE 3 1 7 5 LI 2.7 4.9 1.03 5.5 3.2 6.1 7.3 8.1
LE 8 3 6 9 LI 1.4 5.1 7.2 3.7 9.4 2.5 4.7 6.5
LE 1 6 8 4 LI 2.33 6.35 1.13 7.22 4.55 5.88 8.55 3.22
LE 4 5 9 LI 4.31 3.22 8.99 1.08 7.15 6.32 5.78 2.45
LE 6 7 2 3 LI 3.15 7.25 1.01 6.35 5.55 8.22 4.35 2.11
LE 2 8 1 4 LI 5.66 2.18 7.17 1.09 8.88 3.34 4.41 5.55
