LE 5 8 3 7 LI 5.5 8.8 3.33 7.77 2.1 4.5 7.65 3.21
LE 8 7 3 LI 3.3 7.7 2.22 8.88 5.5 6.6 3.33 2.22
LE 7 5 9 2 LI 6.6 7.77 5.55 2.22 1.1 8.8 3.33 4.44
LE 3 6 1 8 LI 7.7 2.22 5.5 8.8 6.6 9.9 1.11 3.33
LE 4 2 7 5 LI 2.2 4.4 1.11 5.5 3.3 6.6 7.7 8.8
LE 9 3 6 8 LI 1.1 5.5 7.7 3.3 9.9 2.2 4.4 6.6
LE 6 1 8 4 LI 2.22 6.66 1.11 7.77 4.44 5.55 8.88 3.33
LE 2 5 9 LI 4.44 3.33 8.88 1.11 7.77 6.66 5.55 2.22
LE 7 6 2 4 LI 3.33 7.77 1.11 6.66 5.55 8.88 4.44 2.22
LE 5 9 1 3 LI 6.66 2.22 7.77 1.11 8.88 3.33 4.44 5.55
